Running for 300 seconds (30 samples at 10 second intervals).
ACPI battery power measurements will start in 180 seconds time

  Time    User  Nice   Sys  Idle    IO  Run Ctxt/s  IRQ/s Fork Exec Exit  Watts
18:58:34   0.6   0.0   0.3  99.1   0.0    1   1665    293    0    0    1   9.78
18:58:44   0.5   0.0   0.3  99.2   0.0    1   1668    295    0    0    0   9.85
18:58:54   0.7   0.0   0.2  99.1   0.0    1   1001    308    0    0    0   9.95
18:59:04   0.5   0.0   0.2  99.2   0.0    1   1206    290    0    0    0   9.86
18:59:14   0.6   0.0   0.2  99.2   0.0    1   2691    297    0    0    0  10.30
18:59:24   0.5   0.0   0.2  99.3   0.0    1   1637    292    0    0    0   9.84
18:59:34   0.6   0.0   0.2  99.2   0.0    1   2055    296    0    0    0   9.98
18:59:44   0.5   0.0   0.3  99.2   0.0    1    766    290    1    0    0   9.76
18:59:54   0.5   0.0   0.4  99.1   0.0    1   1463    298    0    0    1   9.93
19:00:04   0.5   0.0   0.1  99.4   0.0    1    910    293    1    0    0   9.79
19:00:14   0.6   0.0   0.3  99.1   0.0    1   1614    302    0    0   11   9.85
19:00:24   0.6   0.0   0.2  99.2   0.0    1   1202    292    1    0    2   9.77
19:00:34   0.7   0.0   0.3  99.1   0.0    1   1013    310    1    0    0  10.00
19:00:44   0.5   0.0   0.3  99.3   0.0    1    893    288    0    0    0  10.16
19:00:54   0.6   0.0   0.2  99.2   0.0    1   1490    296    0    0    0  10.28
19:01:04   0.6   0.0   0.2  99.2   0.0    1   1315    298    1    0    0   9.86
19:01:14   0.7   0.0   0.2  99.1   0.0    1   2732    292    0    0    0   9.85
19:01:24   0.5   0.0   0.2  99.3   0.0    1    784    286    0    0    1   9.77
19:01:34   0.6   0.0   0.3  99.1   0.0    1   2044    301    1    0    0   9.94
19:01:44   0.5   0.0   0.2  99.3   0.0    1   1486    288    0    0    1   9.76
19:01:54   0.7   0.0   0.3  99.0   0.0    1   1745    298    0    0    0   9.83
19:02:04   0.5   0.0   0.3  99.2   0.0    1   1357    292    1    0    0   9.97
19:02:14   0.6   0.0   0.4  99.0   0.0    1   1949    301    0    0    0  10.23
19:02:24   0.5   0.0   0.2  99.3   0.0    1    975    290    1    0    1  10.12
-------- ----- ----- ----- ----- ----- ---- ------ ------ ---- ---- ---- ------
 Average   0.6   0.0   0.2  99.2   0.0  1.0 1485.9  295.2  0.3  0.0  0.8   9.93
  StdDev   0.1   0.0   0.1   0.1   0.0  0.0  526.3    5.8  0.5  0.0  2.2   0.16
-------- ----- ----- ----- ----- ----- ---- ------ ------ ---- ---- ---- ------
 Minimum   0.5   0.0   0.1  99.0   0.0  1.0  766.2  285.7  0.0  0.0  0.0   9.76
 Maximum   0.7   0.0   0.4  99.4   0.0  1.0 2731.9  309.9  1.0  0.0 11.0  10.30
-------- ----- ----- ----- ----- ----- ---- ------ ------ ---- ---- ---- ------
Summary:
  9.93 Watts on Average with Standard Deviation 0.16  

