Running for 300 seconds (30 samples at 10 second intervals).
ACPI battery power measurements will start in 180 seconds time

  Time    User  Nice   Sys  Idle    IO  Run Ctxt/s  IRQ/s Fork Exec Exit  Watts
18:02:25   0.4   0.0   0.2  99.4   0.0    1    454    334    0    0    1   8.83
18:02:35   0.6   0.0   0.2  99.2   0.0    1    545    352    0    0    0   9.52
18:02:45   0.5   0.0   0.2  99.3   0.0    1    459    332    0    0    0   8.85
18:02:55   0.5   0.0   0.1  99.4   0.0    2    443    330    0    0    0   8.83
18:03:05   0.6   0.0   0.2  99.2   0.0    3    487    342    0    0    0   8.89
18:03:15   0.4   0.0   0.3  99.4   0.0    1    455    333    0    0    0   8.84
18:03:25   0.5   0.0   0.3  99.3   0.0    1    474    337    1    0    0   8.84
18:03:35   0.5   0.0   0.2  99.3   0.0    1    459    333    0    0    0   8.84
18:03:45   0.4   0.0   0.2  99.3   0.0    2    478    336    1    0    1   8.87
18:03:55   0.4   0.0   0.2  99.4   0.0    1    464    334    0    0    9   8.83
18:04:05   0.5   0.0   0.2  99.3   0.0    1    474    336    0    0    2   8.86
18:04:15   0.5   0.0   0.2  99.4   0.0    1    507    347    1    0    0   9.13
18:04:25   0.6   0.0   0.1  99.3   0.0    1    494    342    0    0    0   8.87
18:04:35   0.4   0.0   0.2  99.4   0.0    2    464    335    0    0    1   8.85
^C-------- ----- ----- ----- ----- ----- ---- ------ ------ ---- ---- ---- ------
 Average   0.5   0.0   0.2  99.3   0.0  1.4  475.4  337.4  0.2  0.0  1.0   8.92
  StdDev   0.1   0.0   0.0   0.1   0.0  0.6   25.3    6.0  0.4  0.0  2.3   0.18
-------- ----- ----- ----- ----- ----- ---- ------ ------ ---- ---- ---- ------
 Minimum   0.4   0.0   0.1  99.2   0.0  1.0  443.1  330.2  0.0  0.0  0.0   8.83
 Maximum   0.6   0.0   0.3  99.4   0.0  3.0  545.0  352.2  1.0  0.0  9.0   9.52
-------- ----- ----- ----- ----- ----- ---- ------ ------ ---- ---- ---- ------
Summary:
  8.92 Watts on Average with Standard Deviation 0.18  

