Running for 300 seconds (30 samples at 10 second intervals).
ACPI battery power measurements will start in 180 seconds time

  Time    User  Nice   Sys  Idle    IO  Run Ctxt/s  IRQ/s  Watts               
17:47:06   0.7   0.0   0.3  99.0   0.0    1    519    348  13.05
17:47:16   0.5   0.0   0.2  99.3   0.0    1    458    340  12.85
17:47:26   0.7   0.0   0.3  99.0   0.0    1    523    344  12.93
17:47:36   0.5   0.0   0.2  99.3   0.0    1    457    336  12.87
17:47:46   0.6   0.0   0.3  99.1   0.0    1    581    357  12.99
17:47:56   0.5   0.0   0.2  99.3   0.0    1    455    339  12.96
17:48:06   0.7   0.0   0.2  99.1   0.0    2    490    342  13.02
17:48:16   0.5   0.0   0.2  99.3   0.0    1    458    335  12.86
17:48:26   0.8   0.0   0.2  99.0   0.0    1    511    338  13.18
17:48:36   0.6   0.0   0.2  99.3   0.0    1    478    341  12.81
17:48:46   0.6   0.0   0.3  99.1   0.0    2    493    341  12.88
17:48:56   0.6   0.0   0.2  99.2   0.0    1    470    337  12.99
17:49:06   0.6   0.0   0.3  99.1   0.0    1    494    338  12.85
17:49:16   0.5   0.0   0.3  99.2   0.0    1    454    334  12.82
17:49:26   0.8   0.0   0.3  98.9   0.0    1    586    357  13.07
17:49:36   0.5   0.0   0.2  99.3   0.0    1    457    335  12.99
17:49:46   0.7   0.0   0.3  99.0   0.0    1    569    355  12.97
17:49:56   0.7   0.0   0.3  99.1   0.0    1    533    344  12.92
17:50:06   0.5   0.0   0.4  99.2   0.0    1    496    341  12.87
17:50:16   0.5   0.0   0.3  99.3   0.0    1    468    336  12.91
17:50:26   0.6   0.0   0.2  99.2   0.0    1    506    342  12.96
17:50:36   0.6   0.0   0.1  99.3   0.0    1    453    332  12.90
  Time    User  Nice   Sys  Idle    IO  Run Ctxt/s  IRQ/s  Watts
17:50:46   0.6   0.0   0.2  99.2   0.0    1    496    343  12.96
^C-------- ----- ----- ----- ----- ----- ---- ------ ------ ------
 Average   0.6   0.0   0.2  99.2   0.0  1.1  495.8  341.5  12.94
  StdDev   0.1   0.0   0.1   0.1   0.0  0.3   39.9    6.9   0.09
-------- ----- ----- ----- ----- ----- ---- ------ ------ ------
 Minimum   0.5   0.0   0.1  98.9   0.0  1.0  452.6  332.4  12.81
 Maximum   0.8   0.0   0.4  99.3   0.0  2.0  585.5  357.2  13.18
-------- ----- ----- ----- ----- ----- ---- ------ ------ ------
Summary:
 12.94 Watts on Average with Standard Deviation 0.09  

